Webots Project File version R2023b
perspectives: 000000ff00000000fd0000000300000000000001ca0000039ffc0200000001fb00000012005300630065006e0065005400720065006501000000000000039f0000000000000000000000010000034c000001abfc0200000001fb0000001400540065007800740045006400690074006f00720000000000000001ab0000004500ffffff000000030000044d0000008efc0100000002fb0000001a0043006f006e0073006f006c00650041006c006c0041006c006c01000000000000044d0000008700fffffffb0000000e0043006f006e0073006f006c006501000001d0000005b000000000000000000000044d000001ab00000004000000040000000100000008fc00000000
simulationViewPerspectives: 000000ff000000010000000200000114000004a30100000002010000000101
sceneTreePerspectives: 000000ff00000001000000030000001e0000013d000000fa0100000002010000000201
maximizedDockId: -1
centralWidgetVisible: 1
orthographicViewHeight: 1
textFiles: -1
consoles: Console:All:All
renderingDevicePerspectives: e-puck:camera;0;0.820513;0;0.0387701
