Webots Project File version R2023b
perspectives: 000000ff00000000fd0000000300000000000001ca0000039ffc0200000001fb00000012005300630065006e0065005400720065006501000000000000039f0000000000000000000000010000033400000349fc0200000001fb0000001400540065007800740045006400690074006f0072010000001a000003490000008b00ffffff0000000300000780000000a1fc0100000002fb0000001a0043006f006e0073006f006c00650041006c006c0041006c006c0100000000000007800000006900fffffffb0000000e0043006f006e0073006f006c006501000001d0000005b000000000000000000000044a0000034900000004000000040000000100000008fc00000000
simulationViewPerspectives: 000000ff000000010000000200000151000003170100000002010000000101
sceneTreePerspectives: 000000ff000000010000000300000022000000c0000000fa0100000002010000000201
maximizedDockId: -1
centralWidgetVisible: 1
orthographicViewHeight: 1
textFiles: 0 "controllers/e-puck_GoBack/e-puck_GoBack.py"
consoles: Console:All:All
renderingDevicePerspectives: e-puck:camera;0;4.61538;0.0714286;0.0387701
